0.300000 1.500000
0.300000 1.510000
0.300000 1.520000
0.300000 1.530000
0.300000 1.540000
0.300000 1.550000
0.300000 1.560000
0.300000 1.570000
0.300000 1.580000
0.300000 1.590000
0.300000 1.600000
0.300000 1.610000
0.300000 1.620000
0.300000 1.630000
0.300000 1.640000
0.300000 1.650000
0.300000 1.660000
0.300000 1.670000
0.300000 1.680000
0.300000 1.690000
0.300000 1.700000
0.300000 1.710000
0.300000 1.720000
0.300000 1.730000
0.300000 1.740000
0.300000 1.750000
0.300000 1.760000
0.300000 1.770000
0.300000 1.780000
0.300000 1.790000
0.300000 1.800000
0.300000 1.810000
0.300000 1.820000
0.300000 1.830000
0.300000 1.840000
0.300000 1.850000
0.300000 1.860000
0.300000 1.870000
0.300000 1.880000
0.300000 1.890000
0.300000 1.900000
0.300000 1.910000
0.300000 1.920000
0.300000 1.930000
0.300000 1.940000
0.300000 1.950000
0.300000 1.960000
0.300000 1.970000
0.300000 1.980000
0.300000 1.990000
0.300000 2.000000
0.300000 2.010000
0.300000 2.020000
0.300000 2.030000
0.300000 2.040000
0.300000 2.050000
0.300000 2.060000
0.300000 2.070000
0.300000 2.080000
0.300000 2.090000
0.300000 2.100000
0.300000 2.110000
0.300000 2.120000
0.300000 2.130000
0.300000 2.140000
0.300000 2.150000
0.300000 2.160000
0.300000 2.170000
0.300000 2.180000
0.300000 2.190000
0.300000 2.200000
0.300000 2.210000
0.300000 2.220000
0.300000 2.230000
0.300000 2.240000
0.300000 2.250000
0.300000 2.260000
0.300000 2.270000
0.300000 2.280000
0.300000 2.290000
0.300000 2.300000
0.300000 2.310000
0.300000 2.320000
0.300000 2.330000
0.300000 2.340000
0.300000 2.350000
0.300000 2.360000
0.300000 2.370000
0.300000 2.380000
0.300000 2.390000
0.300000 2.400000
0.300000 2.410000
0.300000 2.420000
0.300000 2.430000
0.300000 2.440000
0.300000 2.450000
0.300000 2.460000
0.300000 2.470000
0.300000 2.480000
0.300000 2.490000
0.300000 2.500000
0.300000 2.510000
0.300000 2.520000
0.300000 2.530000
0.300000 2.540000
0.300000 2.550000
0.300000 2.560000
0.300000 2.570000
0.300000 2.580000
0.300000 2.590000
0.300000 2.600000
0.300000 2.610000
0.300000 2.620000
0.300000 2.630000
0.300000 2.640000
0.300000 2.650000
0.300000 2.660000
0.300000 2.670000
0.300000 2.680000
0.300000 2.690000
0.300000 2.700000
0.300000 2.710000
0.300000 2.720000
0.300000 2.730000
0.300000 2.740000
0.300000 2.750000
0.300000 2.760000
0.300000 2.770000
0.300000 2.780000
0.300000 2.790000
0.300000 2.800000
0.300000 2.810000
0.300000 2.820000
0.300000 2.830000
0.300000 2.840000
0.300000 2.850000
0.300000 2.860000
0.300000 2.870000
0.300000 2.880000
0.300000 2.890000
0.300000 2.900000
0.300000 2.910000
0.300000 2.920000
0.300000 2.930000
0.300000 2.940000
0.300000 2.950000
0.300000 2.960000
0.300000 2.970000
0.300000 2.980000
0.300000 2.990000
0.300000 3.000000
0.300000 3.010000
0.300000 3.020000
0.300000 3.030000
0.300000 3.040000
0.300000 3.050000
0.300000 3.060000
0.300000 3.070000
0.300000 3.080000
0.300000 3.090000
0.300000 3.100000
0.300000 3.110000
0.300000 3.120000
0.300000 3.130000
0.300000 3.140000
0.300000 3.150000
0.300000 3.160000
0.300000 3.170000
0.300000 3.180000
0.300000 3.190000
0.300000 3.200000
0.300000 3.210000
0.300000 3.220000
0.300000 3.230000
0.300000 3.240000
0.300000 3.250000
0.300000 3.260000
0.300000 3.270000
0.300000 3.280000
0.300000 3.290000
0.300000 3.300000
0.300000 3.310000
0.300000 3.320000
0.300000 3.330000
0.300000 3.340000
0.300000 3.350000
0.300000 3.360000
0.300000 3.370000
0.300000 3.380000
0.300000 3.390000
0.300000 3.400000
0.300000 3.410000
0.300000 3.420000
0.300000 3.430000
0.300000 3.440000
0.300000 3.450000
0.300000 3.460000
0.300000 3.470000
0.300000 3.480000
0.300000 3.490000
0.300000 3.500000
0.300000 3.510000
0.300000 3.520000
0.300000 3.530000
0.300000 3.540000
0.300000 3.550000
0.300000 3.560000
0.300000 3.570000
0.300000 3.580000
0.300000 3.590000
0.300000 3.600000
0.300000 3.610000
0.300000 3.620000
0.300000 3.630000
0.300000 3.640000
0.300000 3.650000
0.300000 3.660000
0.300000 3.670000
0.300000 3.680000
0.300000 3.690000
0.300000 3.700000
0.300000 3.710000
0.300000 3.720000
0.300000 3.730000
0.300000 3.740000
0.300000 3.750000
0.300000 3.760000
0.300000 3.770000
0.300000 3.780000
0.300000 3.790000
0.300000 3.800000
0.300000 3.810000
0.300000 3.820000
0.300000 3.830000
0.300000 3.840000
0.300000 3.850000
0.300000 3.860000
0.300000 3.870000
0.300000 3.880000
0.300000 3.890000
0.300000 3.900000
0.300000 3.910000
0.300000 3.920000
0.300000 3.930000
0.300000 3.940000
0.300000 3.950000
0.300000 3.960000
0.300000 3.970000
0.300000 3.980000
0.300000 3.990000
0.300000 4.000000
0.300000 4.010000
0.300000 4.020000
0.300000 4.030000
0.300000 4.040000
0.300000 4.050000
0.300000 4.060000
0.300000 4.070000
0.300000 4.080000
0.300000 4.090000
0.300000 4.100000
0.300000 4.110000
0.300000 4.120000
0.300000 4.130000
0.300000 4.140000
0.300000 4.150000
0.300000 4.160000
0.300000 4.170000
0.300000 4.180000
0.300000 4.190000
0.300000 4.200000
0.300000 4.210000
0.300000 4.220000
0.300000 4.230000
0.300000 4.240000
0.300000 4.250000
0.300000 4.260000
0.300000 4.270000
0.300000 4.280000
0.300000 4.290000
0.300000 4.300000
0.300000 4.310000
0.300000 4.320000
0.300000 4.330000
0.300000 4.340000
0.300000 4.350000
0.300000 4.360000
0.300000 4.370000
0.300000 4.380000
0.300000 4.390000
0.300000 4.400000
0.300000 4.410000
0.300000 4.420000
0.300000 4.430000
0.300000 4.440000
0.300000 4.450000
0.300000 4.460000
0.300000 4.470000
0.300000 4.480000
0.300000 4.490000
0.300000 4.500000
0.300000 4.510000
0.300000 4.520000
0.300000 4.530000
0.300000 4.540000
0.300000 4.550000
0.300000 4.560000
0.300000 4.570000
0.300000 4.580000
0.300000 4.590000
0.300000 4.600000
0.300000 4.610000
0.300000 4.620000
0.300000 4.630000
0.300000 4.640000
0.300000 4.650000
0.300000 4.660000
0.300000 4.670000
0.300000 4.680000
0.300000 4.690000
0.300000 4.700000
0.300000 4.710000
0.300000 4.720000
0.300000 4.730000
0.300000 4.740000
0.300000 4.750000
0.300000 4.760000
0.300000 4.770000
0.300000 4.780000
0.300000 4.790000
0.300000 4.800000
0.300000 4.810000
0.300000 4.820000
0.300000 4.830000
0.300000 4.840000
0.300000 4.850000
0.300000 4.860000
0.300000 4.870000
0.300000 4.880000
0.300000 4.880000
0.300109 4.886910
0.300434 4.893814
0.300976 4.900704
0.301735 4.907573
0.302709 4.914416
0.303897 4.921224
0.305298 4.927992
0.306912 4.934712
0.308735 4.941378
0.310768 4.947984
0.313006 4.954522
0.315449 4.960987
0.318094 4.967373
0.320938 4.973671
0.323979 4.979878
0.327213 4.985986
0.330637 4.991989
0.334248 4.997882
0.338042 5.003658
0.342016 5.009313
0.346166 5.014840
0.350487 5.020233
0.354976 5.025489
0.359627 5.030600
0.364437 5.035563
0.369400 5.040373
0.374511 5.045024
0.379767 5.049513
0.385160 5.053834
0.390687 5.057984
0.396342 5.061958
0.402118 5.065752
0.408011 5.069363
0.414014 5.072787
0.420122 5.076021
0.426329 5.079062
0.432627 5.081906
0.439013 5.084551
0.445478 5.086994
0.452016 5.089232
0.458622 5.091265
0.465288 5.093088
0.472008 5.094702
0.478776 5.096103
0.485584 5.097291
0.492427 5.098265
0.499296 5.099024
0.506186 5.099566
0.513090 5.099891
0.520000 5.100000
0.520000 5.100000
0.530000 5.100000
0.540000 5.100000
0.550000 5.100000
0.560000 5.100000
0.570000 5.100000
0.580000 5.100000
0.590000 5.100000
0.600000 5.100000
0.610000 5.100000
0.620000 5.100000
0.630000 5.100000
0.640000 5.100000
0.650000 5.100000
0.660000 5.100000
0.670000 5.100000
0.680000 5.100000
0.690000 5.100000
0.700000 5.100000
0.710000 5.100000
0.720000 5.100000
0.730000 5.100000
0.740000 5.100000
0.750000 5.100000
0.760000 5.100000
0.770000 5.100000
0.780000 5.100000
0.790000 5.100000
0.800000 5.100000
0.810000 5.100000
0.820000 5.100000
0.830000 5.100000
0.840000 5.100000
0.850000 5.100000
0.860000 5.100000
0.870000 5.100000
0.880000 5.100000
0.890000 5.100000
0.900000 5.100000
0.910000 5.100000
0.920000 5.100000
0.930000 5.100000
0.940000 5.100000
0.950000 5.100000
0.960000 5.100000
0.970000 5.100000
0.980000 5.100000
0.990000 5.100000
1.000000 5.100000
1.010000 5.100000
1.020000 5.100000
1.030000 5.100000
1.040000 5.100000
1.050000 5.100000
1.060000 5.100000
1.070000 5.100000
1.080000 5.100000
1.090000 5.100000
1.100000 5.100000
1.110000 5.100000
1.120000 5.100000
1.130000 5.100000
1.140000 5.100000
1.150000 5.100000
1.160000 5.100000
1.170000 5.100000
1.180000 5.100000
1.190000 5.100000
1.200000 5.100000
1.210000 5.100000
1.220000 5.100000
1.230000 5.100000
1.240000 5.100000
1.250000 5.100000
1.260000 5.100000
1.270000 5.100000
1.280000 5.100000
1.290000 5.100000
1.300000 5.100000
1.310000 5.100000
1.320000 5.100000
1.330000 5.100000
1.340000 5.100000
1.350000 5.100000
1.360000 5.100000
1.370000 5.100000
1.380000 5.100000
1.390000 5.100000
1.400000 5.100000
1.410000 5.100000
1.420000 5.100000
1.430000 5.100000
1.440000 5.100000
1.450000 5.100000
1.460000 5.100000
1.470000 5.100000
1.480000 5.100000
1.490000 5.100000
1.500000 5.100000
1.510000 5.100000
1.520000 5.100000
1.530000 5.100000
1.540000 5.100000
1.550000 5.100000
1.560000 5.100000
1.570000 5.100000
1.580000 5.100000
1.590000 5.100000
1.600000 5.100000
1.610000 5.100000
1.620000 5.100000
1.630000 5.100000
1.640000 5.100000
1.650000 5.100000
1.660000 5.100000
1.670000 5.100000
1.680000 5.100000
1.690000 5.100000
1.700000 5.100000
1.710000 5.100000
1.720000 5.100000
1.730000 5.100000
1.740000 5.100000
1.750000 5.100000
1.760000 5.100000
1.770000 5.100000
1.780000 5.100000
1.790000 5.100000
1.800000 5.100000
1.810000 5.100000
1.820000 5.100000
1.830000 5.100000
1.840000 5.100000
1.850000 5.100000
1.860000 5.100000
1.870000 5.100000
1.880000 5.100000
1.890000 5.100000
1.900000 5.100000
1.910000 5.100000
1.920000 5.100000
1.930000 5.100000
1.940000 5.100000
1.950000 5.100000
1.960000 5.100000
1.970000 5.100000
1.980000 5.100000
1.990000 5.100000
2.000000 5.100000
2.010000 5.100000
2.020000 5.100000
2.030000 5.100000
2.040000 5.100000
2.050000 5.100000
2.060000 5.100000
2.070000 5.100000
2.080000 5.100000
2.090000 5.100000
2.100000 5.100000
2.110000 5.100000
2.120000 5.100000
2.130000 5.100000
2.140000 5.100000
2.150000 5.100000
2.160000 5.100000
2.170000 5.100000
2.180000 5.100000
2.190000 5.100000
2.200000 5.100000
2.210000 5.100000
2.220000 5.100000
2.230000 5.100000
2.240000 5.100000
2.250000 5.100000
2.260000 5.100000
2.270000 5.100000
2.280000 5.100000
2.290000 5.100000
2.300000 5.100000
2.310000 5.100000
2.320000 5.100000
2.330000 5.100000
2.340000 5.100000
2.350000 5.100000
2.360000 5.100000
2.370000 5.100000
2.380000 5.100000
2.390000 5.100000
2.400000 5.100000
2.410000 5.100000
2.420000 5.100000
2.430000 5.100000
2.440000 5.100000
2.450000 5.100000
2.460000 5.100000
2.470000 5.100000
2.480000 5.100000
2.490000 5.100000
2.500000 5.100000
2.510000 5.100000
2.520000 5.100000
2.530000 5.100000
2.540000 5.100000
2.550000 5.100000
2.560000 5.100000
2.570000 5.100000
2.580000 5.100000
2.590000 5.100000
2.600000 5.100000
2.610000 5.100000
2.620000 5.100000
2.630000 5.100000
2.640000 5.100000
2.650000 5.100000
2.660000 5.100000
2.670000 5.100000
2.680000 5.100000
2.690000 5.100000
2.700000 5.100000
2.710000 5.100000
2.720000 5.100000
2.730000 5.100000
2.740000 5.100000
2.750000 5.100000
2.760000 5.100000
2.770000 5.100000
2.780000 5.100000
2.790000 5.100000
2.800000 5.100000
2.810000 5.100000
2.820000 5.100000
2.830000 5.100000
2.840000 5.100000
2.850000 5.100000
2.860000 5.100000
2.870000 5.100000
2.880000 5.100000
2.890000 5.100000
2.900000 5.100000
2.910000 5.100000
2.920000 5.100000
2.930000 5.100000
2.940000 5.100000
2.950000 5.100000
2.960000 5.100000
2.970000 5.100000
2.980000 5.100000
2.990000 5.100000
3.000000 5.100000
3.010000 5.100000
3.020000 5.100000
3.030000 5.100000
3.040000 5.100000
3.050000 5.100000
3.060000 5.100000
3.070000 5.100000
3.080000 5.100000
3.080000 5.100000
3.086910 5.099891
3.093814 5.099566
3.100704 5.099024
3.107573 5.098265
3.114416 5.097291
3.121224 5.096103
3.127992 5.094702
3.134712 5.093088
3.141378 5.091265
3.147984 5.089232
3.154522 5.086994
3.160987 5.084551
3.167373 5.081906
3.173671 5.079062
3.179878 5.076021
3.185986 5.072787
3.191989 5.069363
3.197882 5.065752
3.203658 5.061958
3.209313 5.057984
3.214840 5.053834
3.220233 5.049513
3.225489 5.045024
3.230600 5.040373
3.235563 5.035563
3.240373 5.030600
3.245024 5.025489
3.249513 5.020233
3.253834 5.014840
3.257984 5.009313
3.261958 5.003658
3.265752 4.997882
3.269363 4.991989
3.272787 4.985986
3.276021 4.979878
3.279062 4.973671
3.281906 4.967373
3.284551 4.960987
3.286994 4.954522
3.289232 4.947984
3.291265 4.941378
3.293088 4.934712
3.294702 4.927992
3.296103 4.921224
3.297291 4.914416
3.298265 4.907573
3.299024 4.900704
3.299566 4.893814
3.299891 4.886910
3.300000 4.880000
3.300000 4.880000
3.300000 4.870000
3.300000 4.860000
3.300000 4.850000
3.300000 4.840000
3.300000 4.830000
3.300000 4.820000
3.300000 4.810000
3.300000 4.800000
3.300000 4.790000
3.300000 4.780000
3.300000 4.770000
3.300000 4.760000
3.300000 4.750000
3.300000 4.740000
3.300000 4.730000
3.300000 4.720000
3.300000 4.710000
3.300000 4.700000
3.300000 4.690000
3.300000 4.680000
3.300000 4.670000
3.300000 4.660000
3.300000 4.650000
3.300000 4.640000
3.300000 4.630000
3.300000 4.620000
3.300000 4.610000
3.300000 4.600000
3.300000 4.590000
3.300000 4.580000
3.300000 4.570000
3.300000 4.560000
3.300000 4.550000
3.300000 4.540000
3.300000 4.530000
3.300000 4.520000
3.300000 4.510000
3.300000 4.500000
3.300000 4.490000
3.300000 4.480000
3.300000 4.470000
3.300000 4.460000
3.300000 4.450000
3.300000 4.440000
3.300000 4.430000
3.300000 4.420000
3.300000 4.410000
3.300000 4.400000
3.300000 4.390000
3.300000 4.380000
3.300000 4.370000
3.300000 4.360000
3.300000 4.350000
3.300000 4.340000
3.300000 4.330000
3.300000 4.320000
3.300000 4.310000
3.300000 4.300000
3.300000 4.290000
3.300000 4.280000
3.300000 4.270000
3.300000 4.260000
3.300000 4.250000
3.300000 4.240000
3.300000 4.230000
3.300000 4.220000
3.300000 4.210000
3.300000 4.200000
3.300000 4.190000
3.300000 4.180000
3.300000 4.170000
3.300000 4.160000
3.300000 4.150000
3.300000 4.140000
3.300000 4.130000
3.300000 4.120000
3.300000 4.120000
3.299891 4.113090
3.299566 4.106186
3.299024 4.099296
3.298265 4.092427
3.297291 4.085584
3.296103 4.078776
3.294702 4.072008
3.293088 4.065288
3.291265 4.058622
3.289232 4.052016
3.286994 4.045478
3.284551 4.039013
3.281906 4.032627
3.279062 4.026329
3.276021 4.020122
3.272787 4.014014
3.269363 4.008011
3.265752 4.002118
3.261958 3.996342
3.257984 3.990687
3.253834 3.985160
3.249513 3.979767
3.245024 3.974511
3.240373 3.969400
3.235563 3.964437
3.230600 3.959627
3.225489 3.954976
3.220233 3.950487
3.214840 3.946166
3.209313 3.942016
3.203658 3.938042
3.197882 3.934248
3.191989 3.930637
3.185986 3.927213
3.179878 3.923979
3.173671 3.920938
3.167373 3.918094
3.160987 3.915449
3.154522 3.913006
3.147984 3.910768
3.141378 3.908735
3.134712 3.906912
3.127992 3.905298
3.121224 3.903897
3.114416 3.902709
3.107573 3.901735
3.100704 3.900976
3.093814 3.900434
3.086910 3.900109
3.080000 3.900000
3.080000 3.900000
3.070000 3.900000
3.060000 3.900000
3.050000 3.900000
3.040000 3.900000
3.030000 3.900000
3.020000 3.900000
3.010000 3.900000
3.000000 3.900000
2.990000 3.900000
2.980000 3.900000
2.970000 3.900000
2.960000 3.900000
2.950000 3.900000
2.940000 3.900000
2.930000 3.900000
2.920000 3.900000
2.920000 3.900000
2.913090 3.899891
2.906186 3.899566
2.899296 3.899024
2.892427 3.898265
2.885584 3.897291
2.878776 3.896103
2.872008 3.894702
2.865288 3.893088
2.858622 3.891265
2.852016 3.889232
2.845478 3.886994
2.839013 3.884551
2.832627 3.881906
2.826329 3.879062
2.820122 3.876021
2.814014 3.872787
2.808011 3.869363
2.802118 3.865752
2.796342 3.861958
2.790687 3.857984
2.785160 3.853834
2.779767 3.849513
2.774511 3.845024
2.769400 3.840373
2.764437 3.835563
2.759627 3.830600
2.754976 3.825489
2.750487 3.820233
2.746166 3.814840
2.742016 3.809313
2.738042 3.803658
2.734248 3.797882
2.730637 3.791989
2.727213 3.785986
2.723979 3.779878
2.720938 3.773671
2.718094 3.767373
2.715449 3.760987
2.713006 3.754522
2.710768 3.747984
2.708735 3.741378
2.706912 3.734712
2.705298 3.727992
2.703897 3.721224
2.702709 3.714416
2.701735 3.707573
2.700976 3.700704
2.700434 3.693814
2.700109 3.686910
2.700000 3.680000
2.700000 3.680000
2.700000 3.670000
2.700000 3.660000
2.700000 3.650000
2.700000 3.640000
2.700000 3.630000
2.700000 3.620000
2.700000 3.610000
2.700000 3.600000
2.700000 3.590000
2.700000 3.580000
2.700000 3.570000
2.700000 3.560000
2.700000 3.550000
2.700000 3.540000
2.700000 3.530000
2.700000 3.520000
2.700000 3.510000
2.700000 3.500000
2.700000 3.490000
2.700000 3.480000
2.700000 3.470000
2.700000 3.460000
2.700000 3.450000
2.700000 3.440000
2.700000 3.430000
2.700000 3.420000
2.700000 3.410000
2.700000 3.400000
2.700000 3.390000
2.700000 3.380000
2.700000 3.370000
2.700000 3.360000
2.700000 3.350000
2.700000 3.340000
2.700000 3.330000
2.700000 3.320000
2.700000 3.310000
2.700000 3.300000
2.700000 3.290000
2.700000 3.280000
2.700000 3.270000
2.700000 3.260000
2.700000 3.250000
2.700000 3.240000
2.700000 3.230000
2.700000 3.220000
2.700000 3.210000
2.700000 3.200000
2.700000 3.190000
2.700000 3.180000
2.700000 3.170000
2.700000 3.160000
2.700000 3.150000
2.700000 3.140000
2.700000 3.130000
2.700000 3.120000
2.700000 3.110000
2.700000 3.100000
2.700000 3.090000
2.700000 3.080000
2.700000 3.070000
2.700000 3.060000
2.700000 3.050000
2.700000 3.040000
2.700000 3.030000
2.700000 3.020000
2.700000 3.010000
2.700000 3.000000
2.700000 2.990000
2.700000 2.980000
2.700000 2.970000
2.700000 2.960000
2.700000 2.950000
2.700000 2.940000
2.700000 2.930000
2.700000 2.920000
2.700000 2.920000
2.699891 2.913090
2.699566 2.906186
2.699024 2.899296
2.698265 2.892427
2.697291 2.885584
2.696103 2.878776
2.694702 2.872008
2.693088 2.865288
2.691265 2.858622
2.689232 2.852016
2.686994 2.845478
2.684551 2.839013
2.681906 2.832627
2.679062 2.826329
2.676021 2.820122
2.672787 2.814014
2.669363 2.808011
2.665752 2.802118
2.661958 2.796342
2.657984 2.790687
2.653834 2.785160
2.649513 2.779767
2.645024 2.774511
2.640373 2.769400
2.635563 2.764437
2.630600 2.759627
2.625489 2.754976
2.620233 2.750487
2.614840 2.746166
2.609313 2.742016
2.603658 2.738042
2.597882 2.734248
2.591989 2.730637
2.585986 2.727213
2.579878 2.723979
2.573671 2.720938
2.567373 2.718094
2.560987 2.715449
2.554522 2.713006
2.547984 2.710768
2.541378 2.708735
2.534712 2.706912
2.527992 2.705298
2.521224 2.703897
2.514416 2.702709
2.507573 2.701735
2.500704 2.700976
2.493814 2.700434
2.486910 2.700109
2.480000 2.700000
2.480000 2.700000
2.470000 2.700000
2.460000 2.700000
2.450000 2.700000
2.440000 2.700000
2.430000 2.700000
2.420000 2.700000
2.410000 2.700000
2.400000 2.700000
2.390000 2.700000
2.380000 2.700000
2.370000 2.700000
2.360000 2.700000
2.350000 2.700000
2.340000 2.700000
2.330000 2.700000
2.320000 2.700000
2.310000 2.700000
2.300000 2.700000
2.290000 2.700000
2.280000 2.700000
2.270000 2.700000
2.260000 2.700000
2.250000 2.700000
2.240000 2.700000
2.230000 2.700000
2.220000 2.700000
2.210000 2.700000
2.200000 2.700000
2.190000 2.700000
2.180000 2.700000
2.170000 2.700000
2.160000 2.700000
2.150000 2.700000
2.140000 2.700000
2.130000 2.700000
2.120000 2.700000
2.110000 2.700000
2.100000 2.700000
2.090000 2.700000
2.080000 2.700000
2.070000 2.700000
2.060000 2.700000
2.050000 2.700000
2.040000 2.700000
2.030000 2.700000
2.020000 2.700000
2.010000 2.700000
2.000000 2.700000
1.990000 2.700000
1.980000 2.700000
1.970000 2.700000
1.960000 2.700000
1.950000 2.700000
1.940000 2.700000
1.930000 2.700000
1.920000 2.700000
1.910000 2.700000
1.900000 2.700000
1.890000 2.700000
1.880000 2.700000
1.870000 2.700000
1.860000 2.700000
1.850000 2.700000
1.840000 2.700000
1.830000 2.700000
1.820000 2.700000
1.810000 2.700000
1.800000 2.700000
1.790000 2.700000
1.780000 2.700000
1.770000 2.700000
1.760000 2.700000
1.750000 2.700000
1.740000 2.700000
1.730000 2.700000
1.720000 2.700000
1.720000 2.700000
1.713090 2.699891
1.706186 2.699566
1.699296 2.699024
1.692427 2.698265
1.685584 2.697291
1.678776 2.696103
1.672008 2.694702
1.665288 2.693088
1.658622 2.691265
1.652016 2.689232
1.645478 2.686994
1.639013 2.684551
1.632627 2.681906
1.626329 2.679062
1.620122 2.676021
1.614014 2.672787
1.608011 2.669363
1.602118 2.665752
1.596342 2.661958
1.590687 2.657984
1.585160 2.653834
1.579767 2.649513
1.574511 2.645024
1.569400 2.640373
1.564437 2.635563
1.559627 2.630600
1.554976 2.625489
1.550487 2.620233
1.546166 2.614840
1.542016 2.609313
1.538042 2.603658
1.534248 2.597882
1.530637 2.591989
1.527213 2.585986
1.523979 2.579878
1.520938 2.573671
1.518094 2.567373
1.515449 2.560987
1.513006 2.554522
1.510768 2.547984
1.508735 2.541378
1.506912 2.534712
1.505298 2.527992
1.503897 2.521224
1.502709 2.514416
1.501735 2.507573
1.500976 2.500704
1.500434 2.493814
1.500109 2.486910
1.500000 2.480000
1.500000 2.480000
1.500000 2.470000
1.500000 2.460000
1.500000 2.450000
1.500000 2.440000
1.500000 2.430000
1.500000 2.420000
1.500000 2.410000
1.500000 2.400000
1.500000 2.390000
1.500000 2.380000
1.500000 2.370000
1.500000 2.360000
1.500000 2.350000
1.500000 2.340000
1.500000 2.330000
1.500000 2.320000
1.500000 2.310000
1.500000 2.300000
1.500000 2.290000
1.500000 2.280000
1.500000 2.270000
1.500000 2.260000
1.500000 2.250000
1.500000 2.240000
1.500000 2.230000
1.500000 2.220000
1.500000 2.210000
1.500000 2.200000
1.500000 2.190000
1.500000 2.180000
1.500000 2.170000
1.500000 2.160000
1.500000 2.150000
1.500000 2.140000
1.500000 2.130000
1.500000 2.120000
1.500000 2.110000
1.500000 2.100000
1.500000 2.090000
1.500000 2.080000
1.500000 2.070000
1.500000 2.060000
1.500000 2.050000
1.500000 2.040000
1.500000 2.030000
1.500000 2.020000
1.500000 2.010000
1.500000 2.000000
1.500000 1.990000
1.500000 1.980000
1.500000 1.970000
1.500000 1.960000
1.500000 1.950000
1.500000 1.940000
1.500000 1.930000
1.500000 1.920000
1.500000 1.910000
1.500000 1.900000
1.500000 1.890000
1.500000 1.880000
1.500000 1.870000
1.500000 1.860000
1.500000 1.850000
1.500000 1.840000
1.500000 1.830000
1.500000 1.820000
1.500000 1.810000
1.500000 1.800000
1.500000 1.790000
1.500000 1.780000
1.500000 1.770000
1.500000 1.760000
1.500000 1.750000
1.500000 1.740000
1.500000 1.730000
1.500000 1.720000
1.500000 1.720000
1.499891 1.713090
1.499566 1.706186
1.499024 1.699296
1.498265 1.692427
1.497291 1.685584
1.496103 1.678776
1.494702 1.672008
1.493088 1.665288
1.491265 1.658622
1.489232 1.652016
1.486994 1.645478
1.484551 1.639013
1.481906 1.632627
1.479062 1.626329
1.476021 1.620122
1.472787 1.614014
1.469363 1.608011
1.465752 1.602118
1.461958 1.596342
1.457984 1.590687
1.453834 1.585160
1.449513 1.579767
1.445024 1.574511
1.440373 1.569400
1.435563 1.564437
1.430600 1.559627
1.425489 1.554976
1.420233 1.550487
1.414840 1.546166
1.409313 1.542016
1.403658 1.538042
1.397882 1.534248
1.391989 1.530637
1.385986 1.527213
1.379878 1.523979
1.373671 1.520938
1.367373 1.518094
1.360987 1.515449
1.354522 1.513006
1.347984 1.510768
1.341378 1.508735
1.334712 1.506912
1.327992 1.505298
1.321224 1.503897
1.314416 1.502709
1.307573 1.501735
1.300704 1.500976
1.293814 1.500434
1.286910 1.500109
1.280000 1.500000
1.280000 1.500000
1.270000 1.500000
1.260000 1.500000
1.250000 1.500000
1.240000 1.500000
1.230000 1.500000
1.220000 1.500000
1.210000 1.500000
1.200000 1.500000
1.190000 1.500000
1.180000 1.500000
1.170000 1.500000
1.160000 1.500000
1.150000 1.500000
1.140000 1.500000
1.130000 1.500000
1.120000 1.500000
1.110000 1.500000
1.100000 1.500000
1.090000 1.500000
1.080000 1.500000
1.070000 1.500000
1.060000 1.500000
1.050000 1.500000
1.040000 1.500000
1.030000 1.500000
1.020000 1.500000
1.010000 1.500000
1.000000 1.500000
0.990000 1.500000
0.980000 1.500000
0.970000 1.500000
0.960000 1.500000
0.950000 1.500000
0.940000 1.500000
0.930000 1.500000
0.920000 1.500000
0.910000 1.500000
0.900000 1.500000
0.890000 1.500000
0.880000 1.500000
0.870000 1.500000
0.860000 1.500000
0.850000 1.500000
0.840000 1.500000
0.830000 1.500000
0.820000 1.500000
0.810000 1.500000
0.800000 1.500000
0.790000 1.500000
0.780000 1.500000
0.770000 1.500000
0.760000 1.500000
0.750000 1.500000
0.740000 1.500000
0.730000 1.500000
0.720000 1.500000
0.710000 1.500000
0.700000 1.500000
0.690000 1.500000
0.680000 1.500000
0.670000 1.500000
0.660000 1.500000
0.650000 1.500000
0.640000 1.500000
0.630000 1.500000
0.620000 1.500000
0.610000 1.500000
0.600000 1.500000
0.590000 1.500000
0.580000 1.500000
0.570000 1.500000
0.560000 1.500000
0.550000 1.500000
0.540000 1.500000
0.530000 1.500000
0.520000 1.500000
0.510000 1.500000
0.500000 1.500000
0.490000 1.500000
0.480000 1.500000
0.470000 1.500000
0.460000 1.500000
0.450000 1.500000
0.440000 1.500000
0.430000 1.500000
0.420000 1.500000
0.410000 1.500000
0.400000 1.500000
0.390000 1.500000
0.380000 1.500000
0.370000 1.500000
0.360000 1.500000
0.350000 1.500000
0.340000 1.500000
0.330000 1.500000
0.320000 1.500000
0.310000 1.500000
