%time,field.header.seq,field.header.stamp,field.header.frame_id,field.pose.pose.position.x,field.pose.pose.position.y,field.pose.pose.position.z,field.pose.pose.orientation.x,field.pose.pose.orientation.y,field.pose.pose.orientation.z,field.pose.pose.orientation.w,field.pose.covariance0,field.pose.covariance1,field.pose.covariance2,field.pose.covariance3,field.pose.covariance4,field.pose.covariance5,field.pose.covariance6,field.pose.covariance7,field.pose.covariance8,field.pose.covariance9,field.pose.covariance10,field.pose.covariance11,field.pose.covariance12,field.pose.covariance13,field.pose.covariance14,field.pose.covariance15,field.pose.covariance16,field.pose.covariance17,field.pose.covariance18,field.pose.covariance19,field.pose.covariance20,field.pose.covariance21,field.pose.covariance22,field.pose.covariance23,field.pose.covariance24,field.pose.covariance25,field.pose.covariance26,field.pose.covariance27,field.pose.covariance28,field.pose.covariance29,field.pose.covariance30,field.pose.covariance31,field.pose.covariance32,field.pose.covariance33,field.pose.covariance34,field.pose.covariance35
1492405721851275644,2,1492405721797130107,world,1.70616231889,2.67588071586,0.0,0.0,0.0,0.544910629327,0.838494130001,0.0,0.0,0.0,0.0,0.0,0.0,0.0,0.0,0.0,0.0,0.0,0.0,0.0,0.0,0.0,0.0,0.0,0.0,0.0,0.0,0.0,0.0,0.0,0.0,0.0,0.0,0.0,0.0,0.0,0.0,0.0,0.0,0.0,0.0,0.0,0.0
1492405725108405408,3,1492405725051860094,world,1.70613379134,2.67617028252,0.0,0.0,0.0,0.544886676092,0.838509695959,0.0,0.0,0.0,0.0,0.0,0.0,0.0,0.0,0.0,0.0,0.0,0.0,0.0,0.0,0.0,0.0,0.0,0.0,0.0,0.0,0.0,0.0,0.0,0.0,0.0,0.0,0.0,0.0,0.0,0.0,0.0,0.0,0.0,0.0,0.0,0.0
1492405728077768164,4,1492405728023519039,world,2.01915456238,2.67294912245,0.0,0.0,0.0,0.848269544137,0.529564708502,0.0,0.0,0.0,0.0,0.0,0.0,0.0,0.0,0.0,0.0,0.0,0.0,0.0,0.0,0.0,0.0,0.0,0.0,0.0,0.0,0.0,0.0,0.0,0.0,0.0,0.0,0.0,0.0,0.0,0.0,0.0,0.0,0.0,0.0,0.0,0.0
1492405731360724889,5,1492405731304517030,world,2.02144975342,2.67593051154,0.0,0.0,0.0,0.849898653514,0.526946182029,0.0,0.0,0.0,0.0,0.0,0.0,0.0,0.0,0.0,0.0,0.0,0.0,0.0,0.0,0.0,0.0,0.0,0.0,0.0,0.0,0.0,0.0,0.0,0.0,0.0,0.0,0.0,0.0,0.0,0.0,0.0,0.0,0.0,0.0,0.0,0.0
1492405734368991023,6,1492405734278516054,world,2.02143908761,2.67605948627,0.0,0.0,0.0,0.849904101676,0.526937394719,0.0,0.0,0.0,0.0,0.0,0.0,0.0,0.0,0.0,0.0,0.0,0.0,0.0,0.0,0.0,0.0,0.0,0.0,0.0,0.0,0.0,0.0,0.0,0.0,0.0,0.0,0.0,0.0,0.0,0.0,0.0,0.0,0.0,0.0,0.0,0.0
1492405737552478130,7,1492405737476896047,world,2.02159826428,2.67624305416,0.0,0.0,0.0,0.85003240632,0.52673039423,0.0,0.0,0.0,0.0,0.0,0.0,0.0,0.0,0.0,0.0,0.0,0.0,0.0,0.0,0.0,0.0,0.0,0.0,0.0,0.0,0.0,0.0,0.0,0.0,0.0,0.0,0.0,0.0,0.0,0.0,0.0,0.0,0.0,0.0,0.0,0.0
1492405740781161264,8,1492405740725465059,world,2.02123194362,2.67604245283,0.0,0.0,0.0,0.849792576282,0.527117232972,0.0,0.0,0.0,0.0,0.0,0.0,0.0,0.0,0.0,0.0,0.0,0.0,0.0,0.0,0.0,0.0,0.0,0.0,0.0,0.0,0.0,0.0,0.0,0.0,0.0,0.0,0.0,0.0,0.0,0.0,0.0,0.0,0.0,0.0,0.0,0.0
1492405744030027645,9,1492405743939929008,world,2.02120514857,2.67628044625,0.0,0.0,0.0,0.849794353934,0.527114367118,0.0,0.0,0.0,0.0,0.0,0.0,0.0,0.0,0.0,0.0,0.0,0.0,0.0,0.0,0.0,0.0,0.0,0.0,0.0,0.0,0.0,0.0,0.0,0.0,0.0,0.0,0.0,0.0,0.0,0.0,0.0,0.0,0.0,0.0,0.0,0.0
1492405748305447855,10,1492405748251522064,world,2.0213975005,2.67604209708,0.0,0.0,0.0,0.849840046036,0.527040696867,0.0,0.0,0.0,0.0,0.0,0.0,0.0,0.0,0.0,0.0,0.0,0.0,0.0,0.0,0.0,0.0,0.0,0.0,0.0,0.0,0.0,0.0,0.0,0.0,0.0,0.0,0.0,0.0,0.0,0.0,0.0,0.0,0.0,0.0,0.0,0.0
1492405751711604319,11,1492405751634787082,world,2.01805041351,2.66972967299,0.0,0.0,0.0,0.847257120545,0.531182992656,0.0,0.0,0.0,0.0,0.0,0.0,0.0,0.0,0.0,0.0,0.0,0.0,0.0,0.0,0.0,0.0,0.0,0.0,0.0,0.0,0.0,0.0,0.0,0.0,0.0,0.0,0.0,0.0,0.0,0.0,0.0,0.0,0.0,0.0,0.0,0.0
1492405754961687165,12,1492405754906586885,world,2.01784751112,2.66968001263,0.0,0.0,0.0,0.847145675385,0.531360710513,0.0,0.0,0.0,0.0,0.0,0.0,0.0,0.0,0.0,0.0,0.0,0.0,0.0,0.0,0.0,0.0,0.0,0.0,0.0,0.0,0.0,0.0,0.0,0.0,0.0,0.0,0.0,0.0,0.0,0.0,0.0,0.0,0.0,0.0,0.0,0.0
1492405758060535394,13,1492405758003849983,world,2.01778848053,2.66928271994,0.0,0.0,0.0,0.847109211766,0.531418839845,0.0,0.0,0.0,0.0,0.0,0.0,0.0,0.0,0.0,0.0,0.0,0.0,0.0,0.0,0.0,0.0,0.0,0.0,0.0,0.0,0.0,0.0,0.0,0.0,0.0,0.0,0.0,0.0,0.0,0.0,0.0,0.0,0.0,0.0,0.0,0.0
1492405761767956958,14,1492405761587297916,world,2.04636600405,2.67803751976,0.0,0.0,0.0,0.867127903004,0.498085534654,0.0,0.0,0.0,0.0,0.0,0.0,0.0,0.0,0.0,0.0,0.0,0.0,0.0,0.0,0.0,0.0,0.0,0.0,0.0,0.0,0.0,0.0,0.0,0.0,0.0,0.0,0.0,0.0,0.0,0.0,0.0,0.0,0.0,0.0,0.0,0.0
1492405765544352640,15,1492405765214984893,world,2.01799540046,2.66954138027,0.0,0.0,0.0,0.847193241422,0.531284868681,0.0,0.0,0.0,0.0,0.0,0.0,0.0,0.0,0.0,0.0,0.0,0.0,0.0,0.0,0.0,0.0,0.0,0.0,0.0,0.0,0.0,0.0,0.0,0.0,0.0,0.0,0.0,0.0,0.0,0.0,0.0,0.0,0.0,0.0,0.0,0.0
1492405768964272816,16,1492405768843954086,world,2.04527415298,2.67799917256,0.0,0.0,0.0,0.866382371356,0.499381203695,0.0,0.0,0.0,0.0,0.0,0.0,0.0,0.0,0.0,0.0,0.0,0.0,0.0,0.0,0.0,0.0,0.0,0.0,0.0,0.0,0.0,0.0,0.0,0.0,0.0,0.0,0.0,0.0,0.0,0.0,0.0,0.0,0.0,0.0,0.0,0.0
1492405772394037006,17,1492405772291672945,world,2.02089978023,2.67502748544,0.0,0.0,0.0,0.849281903051,0.527939626426,0.0,0.0,0.0,0.0,0.0,0.0,0.0,0.0,0.0,0.0,0.0,0.0,0.0,0.0,0.0,0.0,0.0,0.0,0.0,0.0,0.0,0.0,0.0,0.0,0.0,0.0,0.0,0.0,0.0,0.0,0.0,0.0,0.0,0.0,0.0,0.0
1492405775983915363,18,1492405775930493116,world,2.02164186001,2.67634701386,0.0,0.0,0.0,0.850088948659,0.526639135812,0.0,0.0,0.0,0.0,0.0,0.0,0.0,0.0,0.0,0.0,0.0,0.0,0.0,0.0,0.0,0.0,0.0,0.0,0.0,0.0,0.0,0.0,0.0,0.0,0.0,0.0,0.0,0.0,0.0,0.0,0.0,0.0,0.0,0.0,0.0,0.0
